8.364926697225519292e-02
8.114907103190373283e-02
8.297469468733577325e-02
8.430207857728966303e-02
8.127362166003272714e-02
8.455630176909430251e-02
8.095276713464315266e-02
8.527750545095308388e-02
8.334499562610633849e-02
8.311434906932033129e-02
8.395191344723074156e-02
8.114778431092632693e-02
8.572837994105254877e-02
8.223663239064703256e-02
8.466589219135381428e-02
8.288551230817656212e-02
8.265418684890346590e-02
8.523273287350520422e-02
8.161178838790683621e-02
8.507168315351253118e-02
8.174253082469702669e-02
8.465832202116092831e-02
8.424871688351373566e-02
8.230003289030261848e-02
8.455776911730872314e-02
8.107331074593485121e-02
8.569604296776571484e-02
8.299390171760762103e-02
8.395416279944732663e-02
8.363267608928401375e-02
8.162926786868307527e-02
8.560400472775550607e-02
8.192349347024956152e-02
8.500687262251421794e-02
8.244476905271090617e-02
8.351446248837460229e-02
8.491252718830007151e-02
8.171599194847803393e-02
8.494097828939158046e-02
8.140245325563472134e-02
8.523177138836983413e-02
8.377474671075159363e-02
8.293756923004221016e-02
8.424907111918830682e-02
8.111218689561250361e-02
8.577152348012434535e-02
8.251979756650271169e-02
8.451288692155163595e-02
8.317677937312695224e-02
8.228629516637057939e-02
8.538481195155767089e-02
8.168639007317687883e-02
8.510504014781254678e-02
8.198395678496243899e-02
8.432055998662164875e-02
8.449652530899640079e-02
8.205650756496254972e-02
8.470791115985754072e-02
8.115480739365267537e-02
8.559686766714712236e-02
8.326282018398704909e-02
8.362826193008719711e-02
8.386285147309402443e-02
8.139454781339376666e-02
8.569098951681643206e-02
8.210593572232643966e-02
8.488952295416146709e-02
8.269815549521065956e-02
8.309372717926299945e-02
8.509779182495859351e-02
8.164658685372638836e-02
8.502885971486259797e-02
8.157659916981914450e-02
8.497561365922753907e-02
8.403022681268161598e-02
8.260888298978669164e-02
8.441675202954021517e-02
8.107156989782107748e-02
8.575965031037501018e-02
8.276160167863064188e-02
8.425629268995356302e-02
8.341463551245506536e-02
8.193477321056188978e-02
8.550715763594587959e-02
8.179053447083074746e-02
8.508159137460813426e-02
8.221664419310199812e-02
8.393052565733324921e-02
8.471857215932274143e-02
8.185776740146219477e-02
8.483604475472625306e-02
8.126653888050590357e-02
8.543857524523400249e-02
8.352442975122435775e-02
8.328291197394785406e-02
8.406994723616843801e-02
8.122068397127914230e-02
8.574726831857544529e-02
8.230619564739927174e-02
8.472394574810679369e-02
8.294428646796209170e-02
8.267721966306745829e-02
8.525361110567042378e-02
8.163930138073199894e-02
8.508637541607634580e-02
8.177344768516979501e-02
8.467061375130920109e-02
8.427136287472793141e-02
8.231054585567484927e-02
8.456927866150551476e-02
8.108916015366370023e-02
8.570311819512244078e-02
8.301202832384403651e-02
8.395705372926513810e-02
8.364541865393307352e-02
8.163465950203395438e-02
8.561138119492690823e-02
8.193478498996244197e-02
8.500938758591050637e-02
8.245680202677729831e-02
8.351553555008812968e-02
8.492145161807190812e-02
8.172000054458355978e-02
8.494435256092884579e-02
8.140943728193776596e-02
8.523052403161897328e-02
8.378323454796218761e-02
8.293765017405124729e-02
8.425452053978181588e-02
8.111444621231196639e-02
8.577247595277838477e-02
8.252680770989151426e-02
8.451288698079778561e-02
8.318360288825805970e-02
8.228548587170171624e-02
8.538861245898185515e-02
8.169036747727101422e-02
8.510621402476453712e-02
8.198964399264958847e-02
8.431900014246450359e-02
8.450171151082364052e-02
8.205700163434341554e-02
8.471067024951528524e-02
8.115793546676654258e-02
8.559647511152473909e-02
8.326768200480340332e-02
8.362719212671625157e-02
8.386665441556324929e-02
8.139469310725365447e-02
8.569257308035226062e-02
8.210935765644168660e-02
8.488916640055867158e-02
8.270184753447365478e-02
8.309188649218617051e-02
8.510027085563683091e-02
8.164765445425224699e-02
8.502993474450368239e-02
8.157926716874078221e-02
8.497415551520470789e-02
8.403313362780827356e-02
8.260784735694971792e-02
8.441851532644634171e-02
8.107229674262185493e-02
8.575949204593916186e-02
8.276407042458283625e-02
8.425505297987402609e-02
8.341666303093299428e-02
8.193328324991357159e-02
8.550780427361404090e-02
8.179149938427064670e-02
8.508089153285394723e-02
8.221801918207476134e-02
8.392803343990357101e-02
8.471935449875900304e-02
8.185652327443923570e-02
8.483569521477618558e-02
8.126647978609111145e-02
8.543642748044985580e-02
8.352465978032801164e-02
8.328003378785027444e-02
8.406916717976961606e-02
8.121828327046756724e-02
8.574499758112230641e-02
8.230478427099267857e-02
8.472025279522531205e-02
8.294209688245439416e-02
8.267216071147145962e-02
8.524996588979036338e-02
8.163503898460652830e-02
8.508119784310301525e-02
8.176859851850482030e-02
8.466313545042945810e-02
8.426494111046564650e-02
8.230199278089947446e-02
8.456063220298352945e-02
8.107965979290590597e-02
8.569170016503717402e-02
8.300052109395558708e-02
8.394277613667069926e-02
8.363061602682995976e-02
8.161759969130313874e-02
8.559231505093896353e-02
8.191443096964523551e-02
8.498534878176050578e-02
8.243016836840415251e-02
8.348534654515528397e-02
8.488691357390684700e-02
8.168289057328774472e-02
8.490049966828806804e-02
8.136152082756846482e-02
8.517530128170756887e-02
8.371941747436822956e-02
8.286849152341722868e-02
8.417108127013420149e-02
8.102549794218630308e-02
8.566493210820216864e-02
8.240670280324345620e-02
8.437610697213356048e-02
8.302012352636389814e-02
8.211064888163552289e-02
8.517032933141881201e-02
8.145514233428427509e-02
8.481896975950715956e-02
8.166255298457175682e-02
8.395070352273707737e-02
8.404657940489550227e-02
8.157231264592225417e-02
8.409551277708672556e-02
8.048985288058388421e-02
8.478309206405208742e-02
8.231721548080284112e-02
8.257589095830926429e-02
8.255483931892138028e-02
8.000801684454968143e-02
8.392726062752740857e-02
8.017228252433913904e-02
8.260321427984805565e-02
8.005144385001257412e-02
8.023257813185484533e-02
8.156642597797941763e-02
7.795652047014735297e-02
8.055071077743344854e-02
7.680284749438605341e-02
7.957538686844251030e-02
7.796511373512270138e-02
7.633448012214315292e-02
7.716827933393625993e-02
7.376185578091622175e-02
7.738052145272812654e-02
7.415776174439066282e-02
7.512246341764824975e-02
7.372126229637664119e-02
7.225562644893167297e-02
7.488414473074880839e-02
7.143045565089803373e-02
7.388849865942398454e-02
7.109067182341337332e-02
7.236637247876269441e-02
7.290192437280543225e-02
7.035208123740258057e-02
7.272004413808126622e-02
6.958735196677466595e-02
7.294587376320829653e-02
7.133467304142000753e-02
7.079433074557144046e-02
7.167810016981432386e-02
6.918928237081733990e-02
7.310704425840883203e-02
7.020215502908656868e-02
7.187090826540734612e-02
7.062445700685290872e-02
6.996150822771930733e-02
7.269144320409019755e-02
6.960059800347738468e-02
7.243410491031299081e-02
6.967478606873625524e-02
7.156565530853847834e-02
7.190796522951502234e-02
6.979072338753626592e-02
7.215565714659903651e-02
6.912069241109906892e-02
7.283528146245034363e-02
7.091168716009534079e-02
7.089768990645875513e-02
7.142671698352874576e-02
6.924096019063163965e-02
7.310017614511957196e-02
7.004892526007899800e-02
7.211201909148542977e-02
7.045267980815593523e-02
7.033467885591929147e-02
7.262257633202309770e-02
6.962526746097283392e-02
7.250429647314927950e-02
6.956463148147813691e-02
7.197301950844404994e-02
7.174505815235872330e-02
7.001430317636032907e-02
7.206535138692038434e-02
6.911217329284387312e-02
7.302330025666652069e-02
7.072426618193418391e-02
7.124058502191897568e-02
7.124036681305376262e-02
6.941873332585354883e-02
7.305701177368320587e-02
6.991667699253320545e-02
7.230813662383633877e-02
7.023716093260218285e-02
7.070945464420193283e-02
7.246329828096848003e-02
6.963665025553371357e-02
7.246345373429521897e-02
6.941866141960760517e-02
7.229272130688135789e-02
7.151698803899611545e-02
7.023968154698183308e-02
7.190932658399590283e-02
6.910405840210182005e-02
7.311315473570734191e-02
7.051362655907510157e-02
7.153721610988100776e-02
7.101803162583872342e-02
6.962704015079769493e-02
7.295858071239087750e-02
6.979133627262694428e-02
7.243345491170795347e-02
7.002070419158891446e-02
7.109049504050365953e-02
7.227305017832010015e-02
6.968646608982155544e-02
7.238020685578627766e-02
6.929492384765933988e-02
7.257079143210401484e-02
7.128081542097701451e-02
7.050468606186170717e-02
7.173553093585431639e-02
6.913672456081444706e-02
7.315072876118482170e-02
7.031588343753475412e-02
7.180405448964373438e-02
7.079243490296176222e-02
6.988869151618373743e-02
7.283680202306208606e-02
6.969823950702375148e-02
7.250183086666432686e-02
6.982189540148768525e-02
7.147097145041236832e-02
7.206503403597988577e-02
6.978599799632993761e-02
7.226802006943731926e-02
6.919797218071147005e-02
7.280030594012336376e-02
7.104616946812308820e-02
7.079883845519119312e-02
7.154365629342795962e-02
6.921582486789934485e-02
7.314094148779644311e-02
7.013666217099577549e-02
7.203846546221855107e-02
7.056431127769546841e-02
7.019969180630002137e-02
7.269826712766597199e-02
6.964379322199747147e-02
7.251894803597544459e-02
6.964135802461177138e-02
7.183121638838593781e-02
7.184582058277920458e-02
6.993597998123488035e-02
7.213243061590890459e-02
6.913101276253291738e-02
7.297026692954598770e-02
7.082000363230508966e-02
7.110687190037634497e-02
7.133566000914925986e-02
6.934573291408335782e-02
7.309141453033132785e-02
6.997899949438937672e-02
7.223663865317127286e-02
7.033577896805721930e-02
7.054796992623495189e-02
7.254042822510381461e-02
6.962968295970480004e-02
7.249043040955796546e-02
6.948142985361006885e-02
7.215925412545116935e-02
7.161945574323895503e-02
7.013600138960240926e-02
7.198149415809788898e-02
6.910334550998477321e-02
7.308190099590226863e-02
7.060528631405807443e-02
7.140955192212042335e-02
7.111732666786481361e-02
6.952867702037453246e-02
7.300700796977147022e-02
6.984359326532986467e-02
7.238585172414667424e-02
7.011488690642066202e-02
7.092020651928195030e-02
7.236085497728168836e-02
6.965860624637881804e-02
7.242237879756233121e-02
6.934686941556525430e-02
7.245240357979135237e-02
7.138686714754978457e-02
7.038183403196932031e-02
7.181633587338212554e-02
6.911711055620264887e-02
7.314127545364929039e-02
7.040269212110640551e-02
7.168854693111662013e-02
7.089449142931641967e-02
6.976475515332988819e-02
7.289485603351375520e-02
6.973582847741623125e-02
7.247869684171891203e-02
6.990947851937920343e-02
7.130081285164509286e-02
7.216138087244594601e-02
6.973501299686268862e-02
7.232324980762518118e-02
6.923882006273894552e-02
7.270403485130058630e-02
7.115215594554383238e-02
7.066271164172251151e-02
7.163377013248128922e-02
6.917416589426923779e-02
7.315200007755867651e-02
7.021581720279752858e-02
7.193601631497828497e-02
7.066903324373235984e-02
7.005253801761142374e-02
7.276458405618010938e-02
6.966405473353909361e-02
7.251800325272321490e-02
6.972185929409412120e-02
7.167001321493239596e-02
7.194777003963551132e-02
6.986113217164396927e-02
7.219795749161254939e-02
6.915768108739815678e-02
7.290048164322533719e-02
7.092284965354814230e-02
7.096454510434585528e-02
7.143367458483329546e-02
6.927964582297488350e-02
7.311977375474024154e-02
7.004915126539254522e-02
7.215077247746712330e-02
7.044124300362954172e-02
7.038327168492880537e-02
7.261675541626563812e-02
6.963127557157267056e-02
7.250987699052414970e-02
6.955274200245983862e-02
7.201159537124378340e-02
7.172561775642874449e-02
7.003702251110645316e-02
7.205395093767040515e-02
6.911112529190725773e-02
7.303751867159821720e-02
7.070380695220182532e-02
7.127049120728908005e-02
7.122023547757889983e-02
6.943684069174686779e-02
7.305121310114097433e-02
6.990387077435740448e-02
7.232332354401883878e-02
7.021660412209415614e-02
7.074391178802906521e-02
7.244793956657383238e-02
6.963946199303407136e-02
7.245918936858482262e-02
6.940653420226337855e-02
7.231952815842720983e-02
7.149670864965801398e-02
7.026110960052585341e-02
7.189630999967723535e-02
6.910557200148595425e-02
7.312008595256995480e-02
7.049622888220394290e-02
7.156084930222103568e-02
7.099984369004214146e-02
6.964684726131360748e-02
7.295089420815666081e-02
6.978249948079945364e-02
7.244217630475925651e-02
7.000413291874102439e-02
7.112108324772598023e-02
7.225795367187660967e-02
6.969265764635892979e-02
7.237408496187465456e-02
6.928660006940733085e-02
7.259113834868120840e-02
7.126302054193631164e-02
7.052593034727519528e-02
7.172279688164497069e-02
6.914132391245049469e-02
